c 0.238884 4.575199 15.617652 719.218140 -60.727234
s 0.895746 -0.624077 9.323506 0.200000 1
s -0.855681 -0.580619 9.341009 0.200000 1
s -0.016580 -0.179601 11.800376 0.200000 1
s -1.983532 -0.809438 14.666064 0.200000 1
s 1.983625 -0.809445 14.666052 0.200000 1
s -2.277681 0.967047 6.466659 0.200000 1 -1.232230 -0.773886 5.805460 -1.662591 1.360064 6.466659
s -1.800741 1.040271 6.335635 0.200000 1 -0.732230 -0.773886 5.805460 -1.189370 1.265749 6.335635
s 1.793950 1.025157 6.374825 0.200000 1 0.738305 -0.763056 5.833898 1.175711 1.232900 6.374825
s 2.270889 0.951934 6.505848 0.200000 1 1.238305 -0.763056 5.833898 1.648930 1.327216 6.505848
s -2.948638 -1.548146 3.129912 0.200000 1 -1.366199 -1.287511 1.606827 -3.153332 -0.773964 3.129912
s 2.948972 -1.509107 3.146823 0.200000 1 1.365302 -1.218438 1.641517 3.127846 -0.753488 3.146823
s 3.235640 0.129576 2.089447 0.200000 1 1.121687 0.731795 1.490692 2.836762 0.884416 2.089447
s 3.712580 0.056352 2.220470 0.200000 1 1.621687 0.731795 1.490692 3.309984 0.978731 2.220470
s -3.730862 0.106984 2.183306 0.200000 1 -1.621904 0.753520 1.479522 -3.322294 1.048887 2.183306
s -3.253923 0.180207 2.052283 0.200000 1 -1.121904 0.753520 1.479522 -2.849074 0.954571 2.052283
s -0.005671 0.040767 17.017365 0.200000 1
s -4.127001 3.658429 14.413195 0.200000 1 -6.191820 -0.271548 11.944420 -2.524352 3.612650 14.413195
s 4.085345 3.658590 14.413166 0.200000 1 6.191905 -0.271542 11.944388 2.432365 3.584003 14.413166
s -3.398273 1.094063 14.121596 0.200000 1 -3.743298 -0.463833 13.021365
s -3.398273 1.094063 14.621594 0.200000 1 -3.993297 -0.463833 13.454376
s 3.377134 1.000005 14.110913 0.200000 1 3.667459 -0.515331 13.052871 3.377134 1.000004 14.110913
s 3.377135 1.000005 14.610913 0.200000 1 3.917460 -0.515331 13.485883
t 20 4 21
t 20 17 21
t 3 15 4
t 3 2 4
t 3 19 18
t 19 16 18
t 2 1 0
t 1 5 6
t 7 0 8
t 7 10 8
t 5 9 6
t 11 10 12
t 14 9 13
d 11 10 1.971169
d 10 12 1.972787
d 12 11 0.500000
d 13 9 2.060922
d 9 14 2.059537
d 14 13 0.500000
d 9 5 4.232054
d 5 6 0.500000
d 6 9 4.277177
d 10 7 4.263397
d 7 8 0.500000
d 8 10 4.218953
d 5 1 3.560792
d 1 6 3.542978
d 7 0 3.495922
d 0 8 3.509135
d 1 2 2.629333
d 2 0 2.676711
d 0 1 1.752054
d 2 3 3.532388
d 3 4 3.967157
d 4 2 3.551003
d 3 15 3.188008
d 15 4 3.195126
d 19 3 2.372085
d 3 18 2.433363
d 18 19 0.499999
d 19 16 2.674032
d 16 18 2.681799
d 20 4 2.350353
d 4 21 2.284518
d 21 20 0.499999
d 20 17 2.767850
d 17 21 2.758394
r 6 3 0.523599 0.553922 -0.755543 0.349749 0.766496 0.626790 0.140066 -0.325046 0.190496 0.926313
r 3 2 0.349066 -0.205327 0.872417 0.443542 0.884562 0.359357 -0.297343 -0.418797 0.331288 -0.845492
r 11 9 0.174533 0.048612 0.117720 0.991856 0.142147 0.982107 -0.123530 -0.988651 0.146995 0.031009
r 10 12 0.174533 0.062705 0.024390 0.997734 -0.116690 -0.992666 0.031600 0.991187 -0.118407 -0.059399
r 9 8 1.047198 -0.427804 0.166500 -0.888404 0.109137 0.985211 0.132089 0.897259 -0.040450 -0.439648
r 10 7 1.047198 0.441449 0.015111 0.897159 -0.091820 0.995370 0.028415 -0.892576 -0.094921 0.440793
r 0 3 1.570796 -0.659027 -0.271993 0.701215 -0.674692 0.625802 -0.391359 -0.332375 -0.731021 -0.595932
r 3 4 1.570796 -0.173812 0.814663 -0.553276 -0.601511 -0.532669 -0.595355 -0.779726 0.229322 0.582613
r 4 5 1.047198 0.562354 -0.025156 0.826514 0.067404 0.997605 -0.015498 -0.824145 0.064425 0.562703
r 1 0 1.047198 -0.490557 0.231621 0.840063 0.291505 0.952107 -0.092289 -0.821206 0.199609 -0.534581
r 1 3 1.570796 0.225151 0.157106 -0.961574 -0.840876 0.529866 -0.110318 0.492174 0.833402 0.251407
r 5 3 1.570796 0.082468 -0.383378 -0.919902 0.807289 -0.515542 0.287229 -0.584366 -0.766314 0.266982
r 7 6 0.785398 0.816196 -0.159923 -0.555202 0.004698 0.962735 -0.270405 0.577756 0.218096 0.786532
r 8 6 0.785398 -0.634995 -0.470345 0.612827 -0.499093 0.855281 0.139282 -0.589650 -0.217415 -0.777845
m 1.000000 RE_Player_rig.iqm
j 0 6 0 1 -1 -0.319131 -0.152517 -0.935358 8.643525 0.947437 -0.075055 -0.311014 2.838273 -0.022768 -0.985447 0.168452 -2.165166
j 1 3 2 -1 -1 0.556834 0.178303 -0.811261 9.614441 0.830624 -0.119534 0.543852 -6.425358 -0.000002 -0.976688 -0.214663 2.357693
j 2 8 0 -1 -1 0.045036 0.039755 0.998194 -9.322199 0.998985 -0.001792 -0.045000 -0.476398 0.000000 0.999208 -0.039795 0.994611
j 3 7 1 -1 -1 -0.105749 -0.054276 -0.992911 9.152785 0.994393 -0.005772 -0.105591 1.833857 -0.000000 -0.998509 0.054582 -1.089609
j 9 2 3 15 4 0.620406 0.266689 0.737545 -11.253507 0.784281 -0.210965 -0.583436 8.904470 0.000001 0.940410 -0.340043 5.748294
j 10 9 7 8 -1 0.147065 -0.106812 -0.983343 5.509872 0.989127 0.015881 0.146205 -1.818387 0.000000 -0.994152 0.107986 -1.388574
j 11 10 5 6 -1 -0.031656 -0.121365 -0.992103 5.634598 0.999499 -0.003844 -0.031422 1.161180 0.000000 -0.992600 0.121426 -1.473095
j 12 0 4 -1 -1 -0.716418 -0.125136 0.686357 -8.746337 0.688700 0.030417 0.724409 -11.965714 -0.111527 0.991673 0.064390 0.079584
j 13 4 3 -1 -1 -0.847257 0.145697 -0.510811 5.928965 0.515975 -0.002731 -0.856600 13.584186 -0.126199 -0.989326 -0.072862 0.017479
j 20 11 10 -1 -1 0.123589 -0.989379 0.076516 -1.499835 0.992333 0.123221 -0.009530 -1.189055 -0.000000 0.077107 0.997023 -1.542680
j 21 12 9 -1 -1 -0.118616 -0.991014 0.061813 -1.537318 -0.992940 0.118386 -0.007384 -1.192265 -0.000000 -0.062252 -0.998060 1.523561
j 22 1 21 20 -1 0.912060 0.088079 -0.400485 1.900625 0.402812 -0.009676 0.915232 -13.677187 0.076737 -0.996067 -0.044304 -0.216435
j 23 5 19 18 -1 -0.822175 0.071908 -0.564674 4.328016 0.565797 -0.005621 -0.824526 13.101027 -0.062464 -0.997395 -0.036064 -0.226840
j 24 11 11 12 -1 0.123589 -0.989379 0.076516 0.440436 0.992333 0.123221 -0.009530 -1.437138 -0.000000 0.077107 0.997023 -1.542680
j 25 12 14 13 -1 -0.118616 -0.991014 0.061813 0.492565 -0.992940 0.118386 -0.007384 -1.440500 -0.000000 -0.062252 -0.998060 1.523561
j 28 1 17 -1 -1 0.912060 0.088079 -0.400485 -0.839925 0.402812 -0.009676 0.915232 -13.428682 0.076737 -0.996067 -0.044304 -0.216435
j 29 5 16 -1 -1 -0.822175 0.071908 -0.564674 1.673468 0.565797 -0.005621 -0.824526 13.350266 -0.062464 -0.997395 -0.036064 -0.226840
